[2012-09-10 14:30:44.043  第 1 次log] send
00 02 30 30 30 35 33 32 32 32 30 30 30 30 30 30 31 30 03 00 00 00 00 00 00 00 00 00 00 00 00 00 00 00 00 00 00 00 00 00 00 00 00 00 00 00 00 00 00 00 00 00 00 00 00 00 00 00 00 00 00 00 00 00 00 

[2012-09-10 14:30:44.262  第 2 次log] rece
00 02 30 30 31 33 30 30 30 30 33 3b 36 3d 30 30 30 30 30 30 38 31 33 31 34 37 33 31 38 36 35 30 34 33 30 32 30 30 30 30 30 30 31 33 31 34 03 00 00 00 00 00 00 00 00 00 00 00 00 00 00 00 00 00 00 

[2012-09-10 14:30:51.937  第 3 次log] send
00 02 30 30 30 33 33 31 31 31 30 31 32 31 03 00 00 00 00 00 00 00 00 00 00 00 00 00 00 00 00 00 00 00 00 00 00 00 00 00 00 00 00 00 00 00 00 00 00 00 00 00 00 00 00 00 00 00 00 00 00 00 00 00 00 

[2012-09-10 14:30:51.968  第 4 次log] rece
00 02 30 30 31 3b 30 30 30 30 30 31 30 31 3e 38 30 30 30 30 30 30 30 30 30 30 30 31 30 31 30 31 30 31 33 31 33 32 33 30 33 38 30 38 34 37 35 37 34 39 32 3d 34 39 34 33 33 32 33 30 39 37 03 00 00 

[2012-09-10 14:30:51.984  第 7 次log] send
00 02 30 30 30 33 33 39 39 32 30 32 3a 39 03 00 00 00 00 00 00 00 00 00 00 00 00 00 00 00 00 00 00 00 00 00 00 00 00 00 00 00 00 00 00 00 00 00 00 00 00 00 00 00 00 00 00 00 00 00 00 00 00 00 00 

[2012-09-10 14:30:57.069  第 8 次log] rece
00 02 30 30 30 38 30 30 30 30 30 36 30 36 30 36 30 36 30 36 30 36 30 30 03 00 00 00 00 00 00 00 00 00 00 00 00 00 00 00 00 00 00 00 00 00 00 00 00 00 00 00 00 00 00 00 00 00 00 00 00 00 00 00 00 

[2012-09-10 14:31:01.172  第 11 次log] send
00 02 30 30 31 37 33 32 32 36 30 30 30 30 3a 34 30 34 30 30 30 3f 37 33 37 38 33 31 32 3e 37 33 36 38 32 3e 3c 39 3e 37 3b 3b 3e 31 3b 31 3a 33 3d 35 3c 3f 3e 36 03 00 00 00 00 00 00 00 00 00 00 

[2012-09-10 14:31:01.219  第 12 次log] rece
00 02 30 30 30 34 30 30 30 30 36 31 31 38 37 39 03 00 00 00 00 00 00 00 00 00 00 00 00 00 00 00 00 00 00 00 00 00 00 00 00 00 00 00 00 00 00 00 00 00 00 00 00 00 00 00 00 00 00 00 00 00 00 00 00 

[2012-09-10 14:31:01.219  第 13 次log] send
00 02 30 30 30 38 33 32 32 36 30 30 30 30 3c 30 30 30 30 30 31 38 3c 3c 03 00 00 00 00 00 00 00 00 00 00 00 00 00 00 00 00 00 00 00 00 00 00 00 00 00 00 00 00 00 00 00 00 00 00 00 00 00 00 00 00 

[2012-09-10 14:31:01.281  第 14 次log] rece
00 02 30 30 31 3c 30 30 30 30 36 3f 31 36 38 34 30 3f 37 33 37 38 33 31 32 3e 37 33 36 38 32 3e 3c 39 3e 37 3b 3b 3e 31 3b 31 3a 33 3d 35 3c 3f 3a 35 30 33 38 38 30 31 31 3e 39 30 30 30 30 3e 03 

[2012-09-10 14:31:01.297  第 18 次log] send
00 02 30 30 30 3b 33 32 32 36 30 30 30 30 32 30 30 30 30 30 30 33 36 36 36 36 36 36 35 31 03 00 00 00 00 00 00 00 00 00 00 00 00 00 00 00 00 00 00 00 00 00 00 00 00 00 00 00 00 00 00 00 00 00 00 

[2012-09-10 14:31:01.344  第 19 次log] rece
00 02 30 30 30 34 30 30 30 30 39 30 30 30 39 30 03 00 00 00 00 00 00 00 00 00 00 00 00 00 00 00 00 00 00 00 00 00 00 00 00 00 00 00 00 00 00 00 00 00 00 00 00 00 00 00 00 00 00 00 00 00 00 00 00 

[2012-09-10 14:36:48.595  第 1 次log] send
00 02 30 30 30 35 33 32 32 32 30 30 30 30 30 30 31 30 03 00 00 00 00 00 00 00 00 00 00 00 00 00 00 00 00 00 00 00 00 00 00 00 00 00 00 00 00 00 00 00 00 00 00 00 00 00 00 00 00 00 00 00 00 00 00 

[2012-09-10 14:36:48.798  第 2 次log] rece
00 02 30 30 31 33 30 30 30 30 33 3b 36 3d 30 30 30 30 30 30 38 31 33 31 34 37 33 31 38 36 35 30 34 33 30 32 30 30 30 30 30 30 31 33 31 34 03 00 00 00 00 00 00 00 00 00 00 00 00 00 00 00 00 00 00 

[2012-09-10 14:36:48.798  第 3 次log] send
00 02 30 30 30 35 33 32 32 32 30 30 30 30 30 30 31 30 03 00 00 00 00 00 00 00 00 00 00 00 00 00 00 00 00 00 00 00 00 00 00 00 00 00 00 00 00 00 00 00 00 00 00 00 00 00 00 00 00 00 00 00 00 00 00 

[2012-09-10 14:36:49.016  第 4 次log] rece
00 02 30 30 31 33 30 30 30 30 33 3b 36 3d 30 30 30 30 30 30 38 31 33 31 34 37 33 31 38 36 35 30 34 33 30 32 30 30 30 30 30 30 31 33 31 34 03 00 00 00 00 00 00 00 00 00 00 00 00 00 00 00 00 00 00 

[2012-09-10 14:36:54.398  第 5 次log] send
00 02 30 30 30 35 33 32 32 32 30 30 30 30 31 31 30 31 03 00 00 00 00 00 00 00 00 00 00 00 00 00 00 00 00 00 00 00 00 00 00 00 00 00 00 00 00 00 00 00 00 00 00 00 00 00 00 00 00 00 00 00 00 00 00 

[2012-09-10 14:36:56.645  第 8 次log] send
00 02 30 30 30 38 33 32 32 36 30 30 30 30 38 34 30 30 30 30 30 38 39 38 03 00 00 00 00 00 00 00 00 00 00 00 00 00 00 00 00 00 00 00 00 00 00 00 00 00 00 00 00 00 00 00 00 00 00 00 00 00 00 00 00 

[2012-09-10 14:37:00.045  第 9 次log] rece
00 02 30 30 30 32 31 30 30 37 31 37 03 00 00 00 00 00 00 00 00 00 00 00 00 00 00 00 00 00 00 00 00 00 00 00 00 00 00 00 00 00 00 00 00 00 00 00 00 00 00 00 00 00 00 00 00 00 00 00 00 00 00 00 00 

[2012-09-10 14:37:00.045  第 12 次log] send
00 02 30 30 31 37 33 32 32 36 30 30 30 30 3a 34 30 34 30 30 30 3f 37 33 37 38 33 31 32 3e 37 33 36 38 32 3e 3c 39 3e 37 3b 3b 3e 31 3b 31 3a 33 3d 35 3c 3f 3e 36 03 00 00 00 00 00 00 00 00 00 00 

[2012-09-10 14:37:00.108  第 13 次log] rece
00 02 30 30 30 34 30 30 30 30 36 31 31 38 37 39 03 00 00 00 00 00 00 00 00 00 00 00 00 00 00 00 00 00 00 00 00 00 00 00 00 00 00 00 00 00 00 00 00 00 00 00 00 00 00 00 00 00 00 00 00 00 00 00 00 

[2012-09-10 14:37:00.108  第 14 次log] send
00 02 30 30 30 38 33 32 32 36 30 30 30 30 3c 30 30 30 30 30 31 38 3c 3c 03 00 00 00 00 00 00 00 00 00 00 00 00 00 00 00 00 00 00 00 00 00 00 00 00 00 00 00 00 00 00 00 00 00 00 00 00 00 00 00 00 

[2012-09-10 14:37:00.170  第 15 次log] rece
00 02 30 30 31 3c 30 30 30 30 36 3f 31 36 38 34 30 3f 37 33 37 38 33 31 32 3e 37 33 36 38 32 3e 3c 39 3e 37 3b 3b 3e 31 3b 31 3a 33 3d 35 3c 3f 3a 35 30 33 38 38 30 31 31 3e 39 30 30 30 30 3e 03 

[2012-09-10 14:37:00.170  第 19 次log] send
00 02 30 30 30 3a 33 32 32 36 30 30 30 30 3a 34 30 30 30 30 30 32 3e 3f 30 35 35 38 03 00 00 00 00 00 00 00 00 00 00 00 00 00 00 00 00 00 00 00 00 00 00 00 00 00 00 00 00 00 00 00 00 00 00 00 00 

[2012-09-10 14:37:00.233  第 20 次log] rece
00 02 30 30 30 34 30 30 30 30 39 30 30 30 39 30 03 00 00 00 00 00 00 00 00 00 00 00 00 00 00 00 00 00 00 00 00 00 00 00 00 00 00 00 00 00 00 00 00 00 00 00 00 00 00 00 00 00 00 00 00 00 00 00 00 

[2012-09-10 14:37:00.233  第 24 次log] send
00 02 30 30 30 38 33 32 32 36 30 30 30 30 3b 32 30 31 30 35 3f 3f 35 3d 03 00 00 00 00 00 00 00 00 00 00 00 00 00 00 00 00 00 00 00 00 00 00 00 00 00 00 00 00 00 00 00 00 00 00 00 00 00 00 00 00 

[2012-09-10 14:37:00.264  第 25 次log] rece
00 02 30 30 30 34 30 30 30 30 36 3c 34 30 32 3c 03 00 00 00 00 00 00 00 00 00 00 00 00 00 00 00 00 00 00 00 00 00 00 00 00 00 00 00 00 00 00 00 00 00 00 00 00 00 00 00 00 00 00 00 00 00 00 00 00 

[2012-09-10 14:37:00.264  第 26 次log] send
00 02 30 30 30 38 33 32 32 36 30 30 30 30 3b 32 30 31 30 35 34 30 3e 32 03 00 00 00 00 00 00 00 00 00 00 00 00 00 00 00 00 00 00 00 00 00 00 00 00 00 00 00 00 00 00 00 00 00 00 00 00 00 00 00 00 

[2012-09-10 14:37:00.389  第 27 次log] rece
00 02 30 30 34 34 30 30 30 30 30 31 31 30 34 33 30 32 39 39 3d 31 35 36 30 30 30 30 30 35 30 30 30 30 30 30 31 33 33 3a 30 35 3f 32 3e 33 30 32 30 31 33 33 30 33 30 34 33 32 32 3e 33 30 30 30 30 

[2012-09-10 14:37:00.420  第 28 次log] rece
00 34 30 3c 39 31 35 36 30 30 30 30 30 32 34 33 30 32 30 30 34 33 30 31 30 30 3d 35 30 35 30 34 33 32 33 30 33 31 33 32 30 36 30 34 33 32 33 30 33 32 33 32 30 37 30 39 34 32 33 30 33 30 33 30 33 

[2012-09-10 14:37:00.451  第 29 次log] rece
00 30 33 30 33 31 33 33 33 31 39 30 30 30 3a 39 03 00 00 00 00 00 00 00 00 00 00 00 00 00 00 00 00 00 00 00 00 00 00 00 00 00 00 00 00 00 00 00 00 00 00 00 00 00 00 00 00 00 00 00 00 00 00 00 00 

[2012-09-10 14:37:00.451  第 30 次log] recv_data
02 30 30 34 34 30 30 30 30 30 31 31 30 34 33 30 32 39 39 3d 31 35 36 30 30 30 30 30 35 30 30 30 30 30 30 31 33 33 3a 30 35 3f 32 3e 33 30 32 30 31 33 33 30 33 30 34 33 32 32 3e 33 30 30 30 30 34 30 3c 39 31 35 36 30 30 30 30 30 32 34 33 30 32 30 30 34 33 30 31 30 30 3d 35 30 35 30 34 33 32 33 30 33 31 33 32 30 36 30 34 33 32 33 30 33 32 33 32 30 37 30 39 34 32 33 30 33 30 33 30 33 30 33 30 33 31 33 33 33 31 39 30 30 30 3a 39 03 00 00 00 00 00 00 00 00 00 00 00 00 00 00 00 00 00 00 00 00 00 00 00 00 00 00 00 00 00 00 00 00 00 00 00 00 00 00 00 00 00 00 00 00 00 00 00 00 

[2012-09-10 14:37:21.963  第 32 次log] send
00 02 30 30 30 35 33 32 32 32 30 30 30 30 30 30 31 30 03 00 00 00 00 00 00 00 00 00 00 00 00 00 00 00 00 00 00 00 00 00 00 00 00 00 00 00 00 00 00 00 00 00 00 00 00 00 00 00 00 00 00 00 00 00 00 

[2012-09-10 14:37:22.182  第 33 次log] rece
00 02 30 30 31 33 30 30 30 30 33 3b 36 3d 30 30 30 30 30 30 38 31 33 31 34 37 33 31 38 36 35 30 34 33 30 32 30 30 30 30 30 30 31 33 31 34 03 00 00 00 00 00 00 00 00 00 00 00 00 00 00 00 00 00 00 

[2012-09-10 14:37:23.258  第 34 次log] send
00 02 30 30 30 33 33 32 32 33 30 30 31 31 03 00 00 00 00 00 00 00 00 00 00 00 00 00 00 00 00 00 00 00 00 00 00 00 00 00 00 00 00 00 00 00 00 00 00 00 00 00 00 00 00 00 00 00 00 00 00 00 00 00 00 

[2012-09-10 14:37:23.274  第 35 次log] rece
00 02 30 30 30 32 30 30 30 30 30 30 03 00 00 00 00 00 00 00 00 00 00 00 00 00 00 00 00 00 00 00 00 00 00 00 00 00 00 00 00 00 00 00 00 00 00 00 00 00 00 00 00 00 00 00 00 00 00 00 00 00 00 00 00 

[2012-09-10 14:37:23.274  第 36 次log] send
00 1b 25 42 00 00 00 00 00 00 00 00 00 00 00 00 00 00 00 00 00 00 00 00 00 00 00 00 00 00 00 00 00 00 00 00 00 00 00 00 00 00 00 00 00 00 00 00 00 00 00 00 00 00 00 00 00 00 00 00 00 00 00 00 00 

[2012-09-10 14:37:23.289  第 37 次log] send
00 02 30 30 30 33 33 32 32 33 30 30 31 31 03 00 00 00 00 00 00 00 00 00 00 00 00 00 00 00 00 00 00 00 00 00 00 00 00 00 00 00 00 00 00 00 00 00 00 00 00 00 00 00 00 00 00 00 00 00 00 00 00 00 00 

[2012-09-10 14:37:23.336  第 38 次log] rece
00 02 30 30 30 32 30 30 30 30 30 30 03 00 00 00 00 00 00 00 00 00 00 00 00 00 00 00 00 00 00 00 00 00 00 00 00 00 00 00 00 00 00 00 00 00 00 00 00 00 00 00 00 00 00 00 00 00 00 00 00 00 00 00 00 

[2012-09-10 14:37:23.336  第 39 次log] send
00 1b 25 42 00 00 00 00 00 00 00 00 00 00 00 00 00 00 00 00 00 00 00 00 00 00 00 00 00 00 00 00 00 00 00 00 00 00 00 00 00 00 00 00 00 00 00 00 00 00 00 00 00 00 00 00 00 00 00 00 00 00 00 00 00 

[2012-09-12 16:24:20.837  第 1 次log] send
00 02 30 30 30 35 33 32 32 32 30 30 30 30 30 30 31 30 03 00 00 00 00 00 00 00 00 00 00 00 00 00 00 00 00 00 00 00 00 00 00 00 00 00 00 00 00 00 00 00 00 00 00 00 00 00 00 00 00 00 00 00 00 00 00 

[2012-09-12 16:24:21.040  第 2 次log] rece
00 02 30 30 30 3f 30 30 30 30 33 3b 36 39 30 30 30 30 32 34 39 39 38 37 3d 3f 3e 3d 35 3d 3f 3f 3f 3f 3f 3f 3f 38 03 00 00 00 00 00 00 00 00 00 00 00 00 00 00 00 00 00 00 00 00 00 00 00 00 00 00 

[2012-09-12 16:25:07.981  第 5 次log] send
00 02 30 30 30 3a 33 32 32 36 30 30 30 30 3a 34 30 30 30 30 30 32 33 3f 30 30 38 3d 03 00 00 00 00 00 00 00 00 00 00 00 00 00 00 00 00 00 00 00 00 00 00 00 00 00 00 00 00 00 00 00 00 00 00 00 00 

[2012-09-12 16:25:08.059  第 6 次log] rece
00 02 30 30 31 36 30 30 30 30 36 3f 31 30 38 34 30 3e 33 31 35 30 34 31 35 39 32 3e 35 33 35 39 35 33 32 3e 34 34 34 34 34 36 33 30 33 31 39 30 30 30 30 32 03 00 00 00 00 00 00 00 00 00 00 00 00 

[2012-09-12 16:25:08.059  第 10 次log] send
00 02 30 30 30 3a 33 32 32 36 30 30 30 30 3a 34 30 30 30 30 30 32 30 30 30 33 3b 31 03 00 00 00 00 00 00 00 00 00 00 00 00 00 00 00 00 00 00 00 00 00 00 00 00 00 00 00 00 00 00 00 00 00 00 00 00 

[2012-09-12 16:25:08.090  第 11 次log] rece
00 02 30 30 30 34 30 30 30 30 39 30 30 30 39 30 03 00 00 00 00 00 00 00 00 00 00 00 00 00 00 00 00 00 00 00 00 00 00 00 00 00 00 00 00 00 00 00 00 00 00 00 00 00 00 00 00 00 00 00 00 00 00 00 00 

[2012-09-12 16:25:08.090  第 15 次log] send
00 02 30 30 30 38 33 32 32 36 30 30 30 30 3b 30 30 30 30 30 31 34 3b 30 03 00 00 00 00 00 00 00 00 00 00 00 00 00 00 00 00 00 00 00 00 00 00 00 00 00 00 00 00 00 00 00 00 00 00 00 00 00 00 00 00 

[2012-09-12 16:25:08.152  第 16 次log] rece
00 02 30 30 31 38 30 30 30 30 33 34 33 33 33 30 33 32 33 30 33 32 33 36 33 34 33 30 33 34 33 30 33 32 33 36 33 30 33 33 32 30 32 30 32 30 32 30 32 30 39 30 30 30 38 36 03 00 00 00 00 00 00 00 00 

[2012-09-12 16:25:08.152  第 20 次log] send
00 02 30 30 30 3a 33 32 32 36 30 30 30 30 3a 34 30 30 30 30 30 32 33 3f 30 30 38 3d 03 00 00 00 00 00 00 00 00 00 00 00 00 00 00 00 00 00 00 00 00 00 00 00 00 00 00 00 00 00 00 00 00 00 00 00 00 

[2012-09-12 16:25:08.230  第 21 次log] rece
00 02 30 30 31 36 30 30 30 30 36 3f 31 30 38 34 30 3e 33 31 35 30 34 31 35 39 32 3e 35 33 35 39 35 33 32 3e 34 34 34 34 34 36 33 30 33 31 39 30 30 30 30 32 03 00 00 00 00 00 00 00 00 00 00 00 00 

[2012-09-12 16:25:08.230  第 25 次log] send
00 02 30 30 30 3a 33 32 32 36 30 30 30 30 3a 34 30 30 30 30 30 32 30 30 30 33 3b 31 03 00 00 00 00 00 00 00 00 00 00 00 00 00 00 00 00 00 00 00 00 00 00 00 00 00 00 00 00 00 00 00 00 00 00 00 00 

[2012-09-12 16:25:08.262  第 26 次log] rece
00 02 30 30 30 34 30 30 30 30 39 30 30 30 39 30 03 00 00 00 00 00 00 00 00 00 00 00 00 00 00 00 00 00 00 00 00 00 00 00 00 00 00 00 00 00 00 00 00 00 00 00 00 00 00 00 00 00 00 00 00 00 00 00 00 

[2012-09-12 16:25:08.277  第 30 次log] send
00 02 30 30 30 38 33 32 32 36 30 30 30 30 3b 30 30 30 30 30 31 34 3b 30 03 00 00 00 00 00 00 00 00 00 00 00 00 00 00 00 00 00 00 00 00 00 00 00 00 00 00 00 00 00 00 00 00 00 00 00 00 00 00 00 00 

[2012-09-12 16:25:08.324  第 31 次log] rece
00 02 30 30 31 38 30 30 30 30 33 34 33 33 33 30 33 32 33 30 33 32 33 36 33 34 33 30 33 34 33 30 33 32 33 36 33 30 33 33 32 30 32 30 32 30 32 30 32 30 39 30 30 30 38 36 03 00 00 00 00 00 00 00 00 

[2012-09-12 16:25:08.340  第 35 次log] send
00 02 30 30 30 3a 33 32 32 36 30 30 30 30 3a 34 30 30 30 30 30 32 33 3f 30 30 38 3d 03 00 00 00 00 00 00 00 00 00 00 00 00 00 00 00 00 00 00 00 00 00 00 00 00 00 00 00 00 00 00 00 00 00 00 00 00 

[2012-09-12 16:25:08.402  第 36 次log] rece
00 02 30 30 31 36 30 30 30 30 36 3f 31 30 38 34 30 3e 33 31 35 30 34 31 35 39 32 3e 35 33 35 39 35 33 32 3e 34 34 34 34 34 36 33 30 33 31 39 30 30 30 30 32 03 00 00 00 00 00 00 00 00 00 00 00 00 

[2012-09-12 16:25:08.418  第 40 次log] send
00 02 30 30 30 3a 33 32 32 36 30 30 30 30 3a 34 30 30 30 30 30 32 30 30 30 33 3b 31 03 00 00 00 00 00 00 00 00 00 00 00 00 00 00 00 00 00 00 00 00 00 00 00 00 00 00 00 00 00 00 00 00 00 00 00 00 

[2012-09-12 16:25:08.433  第 41 次log] rece
00 02 30 30 30 34 30 30 30 30 39 30 30 30 39 30 03 00 00 00 00 00 00 00 00 00 00 00 00 00 00 00 00 00 00 00 00 00 00 00 00 00 00 00 00 00 00 00 00 00 00 00 00 00 00 00 00 00 00 00 00 00 00 00 00 

[2012-09-12 16:25:08.449  第 45 次log] send
00 02 30 30 30 38 33 32 32 36 30 30 30 30 3b 30 30 30 30 30 31 34 3b 30 03 00 00 00 00 00 00 00 00 00 00 00 00 00 00 00 00 00 00 00 00 00 00 00 00 00 00 00 00 00 00 00 00 00 00 00 00 00 00 00 00 

[2012-09-12 16:25:08.511  第 46 次log] rece
00 02 30 30 31 38 30 30 30 30 33 34 33 33 33 30 33 32 33 30 33 32 33 36 33 34 33 30 33 34 33 30 33 32 33 36 33 30 33 33 32 30 32 30 32 30 32 30 32 30 39 30 30 30 38 36 03 00 00 00 00 00 00 00 00 

[2012-09-12 16:25:08.511  第 50 次log] send
00 02 30 30 30 3a 33 32 32 36 30 30 30 30 3a 34 30 30 30 30 30 32 33 3f 30 30 38 3d 03 00 00 00 00 00 00 00 00 00 00 00 00 00 00 00 00 00 00 00 00 00 00 00 00 00 00 00 00 00 00 00 00 00 00 00 00 

[2012-09-12 16:25:08.589  第 51 次log] rece
00 02 30 30 31 36 30 30 30 30 36 3f 31 30 38 34 30 3e 33 31 35 30 34 31 35 39 32 3e 35 33 35 39 35 33 32 3e 34 34 34 34 34 36 33 30 33 31 39 30 30 30 30 32 03 00 00 00 00 00 00 00 00 00 00 00 00 

[2012-09-12 16:25:08.589  第 55 次log] send
00 02 30 30 30 3a 33 32 32 36 30 30 30 30 3a 34 30 30 30 30 30 32 30 30 30 33 3b 31 03 00 00 00 00 00 00 00 00 00 00 00 00 00 00 00 00 00 00 00 00 00 00 00 00 00 00 00 00 00 00 00 00 00 00 00 00 

[2012-09-12 16:25:08.620  第 56 次log] rece
00 02 30 30 30 34 30 30 30 30 39 30 30 30 39 30 03 00 00 00 00 00 00 00 00 00 00 00 00 00 00 00 00 00 00 00 00 00 00 00 00 00 00 00 00 00 00 00 00 00 00 00 00 00 00 00 00 00 00 00 00 00 00 00 00 

[2012-09-12 16:25:08.620  第 60 次log] send
00 02 30 30 30 38 33 32 32 36 30 30 30 30 3b 30 30 30 30 30 31 34 3b 30 03 00 00 00 00 00 00 00 00 00 00 00 00 00 00 00 00 00 00 00 00 00 00 00 00 00 00 00 00 00 00 00 00 00 00 00 00 00 00 00 00 

[2012-09-12 16:25:08.683  第 61 次log] rece
00 02 30 30 31 38 30 30 30 30 33 34 33 33 33 30 33 32 33 30 33 32 33 36 33 34 33 30 33 34 33 30 33 32 33 36 33 30 33 33 32 30 32 30 32 30 32 30 32 30 39 30 30 30 38 36 03 00 00 00 00 00 00 00 00 

[2012-09-12 16:25:08.683  第 65 次log] send
00 02 30 30 30 3a 33 32 32 36 30 30 30 30 3a 34 30 30 30 30 30 32 33 3f 30 30 38 3d 03 00 00 00 00 00 00 00 00 00 00 00 00 00 00 00 00 00 00 00 00 00 00 00 00 00 00 00 00 00 00 00 00 00 00 00 00 

[2012-09-12 16:25:08.761  第 66 次log] rece
00 02 30 30 31 36 30 30 30 30 36 3f 31 30 38 34 30 3e 33 31 35 30 34 31 35 39 32 3e 35 33 35 39 35 33 32 3e 34 34 34 34 34 36 33 30 33 31 39 30 30 30 30 32 03 00 00 00 00 00 00 00 00 00 00 00 00 

[2012-09-12 16:25:08.761  第 70 次log] send
00 02 30 30 30 3a 33 32 32 36 30 30 30 30 3a 34 30 30 30 30 30 32 30 30 30 33 3b 31 03 00 00 00 00 00 00 00 00 00 00 00 00 00 00 00 00 00 00 00 00 00 00 00 00 00 00 00 00 00 00 00 00 00 00 00 00 

[2012-09-12 16:25:08.792  第 71 次log] rece
00 02 30 30 30 34 30 30 30 30 39 30 30 30 39 30 03 00 00 00 00 00 00 00 00 00 00 00 00 00 00 00 00 00 00 00 00 00 00 00 00 00 00 00 00 00 00 00 00 00 00 00 00 00 00 00 00 00 00 00 00 00 00 00 00 

[2012-09-12 16:25:08.792  第 75 次log] send
00 02 30 30 30 38 33 32 32 36 30 30 30 30 3b 30 30 30 30 30 31 34 3b 30 03 00 00 00 00 00 00 00 00 00 00 00 00 00 00 00 00 00 00 00 00 00 00 00 00 00 00 00 00 00 00 00 00 00 00 00 00 00 00 00 00 

[2012-09-12 16:25:08.854  第 76 次log] rece
00 02 30 30 31 38 30 30 30 30 33 34 33 33 33 30 33 32 33 30 33 32 33 36 33 34 33 30 33 34 33 30 33 32 33 36 33 30 33 33 32 30 32 30 32 30 32 30 32 30 39 30 30 30 38 36 03 00 00 00 00 00 00 00 00 

[2012-09-12 16:25:35.218  第 78 次log] send
00 02 30 30 30 35 33 32 32 32 30 30 30 30 31 31 30 31 03 00 00 00 00 00 00 00 00 00 00 00 00 00 00 00 00 00 00 00 00 00 00 00 00 00 00 00 00 00 00 00 00 00 00 00 00 00 00 00 00 00 00 00 00 00 00 

[2012-09-12 16:25:35.437  第 79 次log] rece
00 02 30 30 31 33 30 30 30 30 33 3b 36 3d 30 30 30 30 35 37 34 34 32 38 32 39 30 38 38 36 34 33 34 31 3b 3c 37 3e 31 39 33 33 32 3c 30 3c 03 00 00 00 00 00 00 00 00 00 00 00 00 00 00 00 00 00 00 

[2012-09-12 16:25:35.437  第 82 次log] send
00 02 30 30 30 3a 33 32 32 36 30 30 30 30 3a 34 30 30 30 30 30 32 33 3f 30 30 38 3d 03 00 00 00 00 00 00 00 00 00 00 00 00 00 00 00 00 00 00 00 00 00 00 00 00 00 00 00 00 00 00 00 00 00 00 00 00 

[2012-09-12 16:25:35.515  第 83 次log] rece
00 02 30 30 31 36 30 30 30 30 36 3f 31 30 38 34 30 3e 33 31 35 30 34 31 35 39 32 3e 35 33 35 39 35 33 32 3e 34 34 34 34 34 36 33 30 33 31 39 30 30 30 30 32 03 00 00 00 00 00 00 00 00 00 00 00 00 

[2012-09-12 16:25:35.515  第 87 次log] send
00 02 30 30 30 3a 33 32 32 36 30 30 30 30 3a 34 30 30 30 30 30 32 30 30 30 33 3b 31 03 00 00 00 00 00 00 00 00 00 00 00 00 00 00 00 00 00 00 00 00 00 00 00 00 00 00 00 00 00 00 00 00 00 00 00 00 

[2012-09-12 16:25:35.546  第 88 次log] rece
00 02 30 30 30 34 30 30 30 30 39 30 30 30 39 30 03 00 00 00 00 00 00 00 00 00 00 00 00 00 00 00 00 00 00 00 00 00 00 00 00 00 00 00 00 00 00 00 00 00 00 00 00 00 00 00 00 00 00 00 00 00 00 00 00 

[2012-09-12 16:25:35.546  第 92 次log] send
00 02 30 30 30 38 33 32 32 36 30 30 30 30 3b 30 30 30 30 30 31 34 3b 30 03 00 00 00 00 00 00 00 00 00 00 00 00 00 00 00 00 00 00 00 00 00 00 00 00 00 00 00 00 00 00 00 00 00 00 00 00 00 00 00 00 

[2012-09-12 16:25:35.608  第 93 次log] rece
00 02 30 30 31 38 30 30 30 30 33 34 33 33 33 30 33 32 33 30 33 32 33 36 33 34 33 30 33 34 33 30 33 32 33 36 33 30 33 33 32 30 32 30 32 30 32 30 32 30 39 30 30 30 38 36 03 00 00 00 00 00 00 00 00 

